26 28 
    1 C3      0.1562   2.4453  -1.6305     0.0000
    2 C3      1.5054   3.0087  -1.1684     0.0000
    3 C3      2.0834   2.0650  -0.1117     0.0000
    4 C3      1.1399   1.9618   1.0927     0.0000
    5 C3     -0.1959   1.3936   0.6090     0.0000
    6 C3      0.0000   0.0000   0.0000     0.0000
    7 C3      0.9393   0.1284  -1.2010     0.0000
    8 C3      0.3377   1.0618  -2.2584     0.0000
    9 C3     -0.8056   2.3416  -0.4360     0.0000
   10 C3      2.2971   0.6745  -0.7311     0.0000
   11 ~      -0.2606   3.1209  -2.3775     0.0000
   12 ~       1.3776   4.0091  -0.7550     0.0000
   13 ~       2.1890   3.0977  -2.0127     0.0000
   14 ~       3.0382   2.4621   0.2328     0.0000
   15 ~       0.9938   2.9424   1.5457     0.0000
   16 ~       1.5713   1.3178   1.8590     0.0000
   17 ~      -0.8714   1.3049   1.4598     0.0000
   18 ~      -0.9581  -0.4170  -0.3101     0.0000
   19 ~       0.4200  -0.6819   0.7394     0.0000
   20 ~       1.0767  -0.8556  -1.6494     0.0000
   21 ~       0.9921   1.1223  -3.1280     0.0000
   22 ~      -0.6197   0.6742  -2.6065     0.0000
   23 ~      -1.7759   1.9684  -0.7638     0.0000
   24 ~      -0.9736   3.3263   0.0000     0.0000
   25 ~       2.7428   0.0000   0.0000     0.0000
   26 ~       2.9897   0.7374  -1.5704     0.0000
    1     1     2  SINGLE  
    2     1     8  SINGLE  
    3     1     9  SINGLE  
    4     2     3  SINGLE  
    5     3     4  SINGLE  
    6     3    10  SINGLE  
    7     4     5  SINGLE  
    8     5     6  SINGLE  
    9     5     9  SINGLE  
   10     6     7  SINGLE  
   11     7     8  SINGLE  
   12     7    10  SINGLE  
   13     1    11  SINGLE  
   14     2    12  SINGLE  
   15     2    13  SINGLE  
   16     3    14  SINGLE  
   17     4    15  SINGLE  
   18     4    16  SINGLE  
   19     5    17  SINGLE  
   20     6    18  SINGLE  
   21     6    19  SINGLE  
   22     7    20  SINGLE  
   23     8    21  SINGLE  
   24     8    22  SINGLE  
   25     9    23  SINGLE  
   26     9    24  SINGLE  
   27    10    25  SINGLE  
   28    10    26  SINGLE  
