   15    16       
    1 NPL3    1.3071   1.7737  -0.0189     0.0000
    2 C2      2.0365   0.6426  -0.0300     0.0000
    3 N2      1.3184  -0.4548  -0.0188     0.0000
    4 CAR    -1.1986  -0.7039  -0.0111     0.0000
    5 CAR    -2.4075  -0.0179  -0.0033     0.0000
    6 CAR    -2.4177   1.3744   0.0149     0.0000
    7 CAR    -1.2189   2.0778   0.0240     0.0000
    8 CAR    -0.0103   1.3917  -0.0007     0.0000
    9 CAR     0.0000   0.0000   0.0000     0.0000
   10 ~       1.6644   2.7290  -0.0232     0.0000
   11 ~       3.1163   0.6390  -0.0466     0.0000
   12 ~      -1.1905  -1.7877  -0.0259     0.0000
   13 ~      -3.3422  -0.5668  -0.0115     0.0000
   14 ~      -3.3603   1.9096   0.0221     0.0000
   15 ~      -1.2265   3.1615   0.0503     0.0000
    1     1     2  SINGLE  
    2     1     8  SINGLE  
    3     2     3  DOUBLE  
    4     3     9  SINGLE  
    5     4     5  AROMATIC
    6     4     9  AROMATIC
    7     5     6  AROMATIC
    8     6     7  AROMATIC
    9     7     8  AROMATIC
   10     8     9  AROMATIC
   11     1    10  SINGLE  
   12     2    11  SINGLE  
   13     4    12  SINGLE  
   14     5    13  SINGLE  
   15     6    14  SINGLE  
   16     7    15  SINGLE  
