   13   13      
    1 O3      0.7709   2.2449   0.0000     0.0000
    2 C3      1.8030   1.4163  -0.5042     0.0000
    3 C3      1.5237   0.0000   0.0000     0.0000
    4 C3      0.0000   0.0000   0.0000     0.0000
    5 C3     -0.2869   1.4277   0.4696     0.0000
    6 ~       2.7781   1.7627  -0.1616     0.0000
    7 ~       1.8206   1.4416  -1.5938     0.0000
    8 ~       1.9382  -0.1758   0.9927     0.0000
    9 ~       1.9382  -0.7636  -0.6582     0.0000
   10 ~      -0.4132  -0.7484   0.6762     0.0000
   11 ~      -0.4132  -0.2008  -0.9884     0.0000
   12 ~      -1.2436   1.7757   0.0801     0.0000
   13 ~      -0.3513   1.4692   1.5569     0.0000
    1     1     2  SINGLE  
    2     1     5  SINGLE  
    3     2     3  SINGLE  
    4     3     4  SINGLE  
    5     4     5  SINGLE  
    6     2     6  SINGLE  
    7     2     7  SINGLE  
    8     3     8  SINGLE  
    9     3     9  SINGLE  
   10     4    10  SINGLE  
   11     4    11  SINGLE  
   12     5    12  SINGLE  
   13     5    13  SINGLE  
