   16    17              
    1 NPL3    1.2478   1.8670   0.0111     0.0000
    2 C2      2.1036   0.7837  -0.0009     0.0000
    3 C2      1.3658  -0.3653  -0.0121     0.0000
    4 CAR    -1.2079  -0.6955   0.0118     0.0000
    5 CAR    -2.3810   0.0000   0.0000     0.0000
    6 CAR    -2.4034   1.3916  -0.0201     0.0000
    7 CAR    -1.2353   2.1104   0.0000     0.0000
    8 CAR    -0.0385   1.4137   0.0073     0.0000
    9 CAR     0.0000   0.0000   0.0000     0.0000
   10 ~       1.5313   2.8467   0.0212     0.0000
   11 ~       3.1823   0.8365  -0.0014     0.0000
   12 ~       1.7556  -1.3724  -0.0274     0.0000
   13 ~      -1.2148  -1.7793   0.0302     0.0000
   14 ~      -3.3186  -0.5441   0.0064     0.0000
   15 ~      -3.3535   1.9125  -0.0520     0.0000
   16 ~      -1.2486   3.1943   0.0099     0.0000
    1     1     2  SINGLE  
    2     1     8  SINGLE  
    3     2     3  DOUBLE  
    4     3     9  SINGLE  
    5     4     5  AROMATIC
    6     4     9  AROMATIC
    7     5     6  AROMATIC
    8     6     7  AROMATIC
    9     7     8  AROMATIC
   10     8     9  AROMATIC
   11     1    10  SINGLE  
   12     2    11  SINGLE  
   13     3    12  SINGLE  
   14     4    13  SINGLE  
   15     5    14  SINGLE  
   16     6    15  SINGLE  
   17     7    16  SINGLE  
