   22 22                 
    1 NAM     1.4167   0.9035   1.7355     0.0000
    2 C3      1.6770  -0.4530   1.2845     0.0000
    3 C3      0.3178  -1.1233   1.0750     0.0000
    4 C2      2.4420  -0.4530  -0.0405     0.0000
    5 O2      2.7532   0.6079  -0.5795     0.0000
    6 CAR    -0.5661  -0.4272   0.0382     0.0000
    7 CAR    -0.4956  -0.7921  -1.2703     0.0000
    8 CAR    -1.4219   0.5566   0.4245     0.0000
    9 CAR    -1.3159  -0.1460  -2.2327     0.0000
   10 CAR    -2.2422   1.2026  -0.5378     0.0000
   11 CAR    -2.1717   0.8377  -1.8462     0.0000
   12 ~       2.6659  -1.3472  -0.4282     0.0000
   13 ~       0.9160   1.0981   2.6026     0.0000
   14 H       1.7513   1.6733   1.1559     0.0000
   15 H       2.2816  -0.9807   2.0222     0.0000
   16 H      -0.2118  -1.1532   2.0272     0.0000
   17 H       0.4773  -2.1564   0.7664     0.0000
   18 H       0.1865  -1.5762  -1.5784     0.0000
   19 H      -1.4779   0.8475   1.4673     0.0000
   20 H      -1.2600  -0.4369  -3.2754     0.0000
   21 H      -2.9244   1.9867  -0.2298     0.0000
   22 H      -2.7979   1.3310  -2.5809     0.0000
    1     1     2  SINGLE  
    2     2     3  SINGLE  
    3     2     4  SINGLE  
    4     3     6  SINGLE  
    5     4     5  DOUBLE  
    6     6     7  AROMATIC
    7     6     8  AROMATIC
    8     7     9  AROMATIC
    9     8    10  AROMATIC
   10     9    11  AROMATIC
   11    10    11  AROMATIC
   12     4    12  SINGLE  
   13     1    13  SINGLE  
   14     1    14  SINGLE  
   15     2    15  SINGLE  
   16     3    16  SINGLE  
   17     3    17  SINGLE  
   18     7    18  SINGLE  
   19     8    19  SINGLE  
   20     9    20  SINGLE  
   21    10    21  SINGLE  
   22    11    22  SINGLE  
