   28   29        
    1 C3     -1.2513   0.4997  -0.7119     0.0000
    2 C3     -2.5604   0.0102  -0.0368     0.0000
    3 C3     -2.5395  -1.5389   0.0000     0.0000
    4 C3     -1.2614  -2.1014   0.6294     0.0000
    5 C3      0.0182  -1.5389   0.0000     0.0000
    6 C3      1.2722  -2.0689   0.7300     0.0000
    7 C3      2.5741  -1.4681   0.1289     0.0000
    8 C3      2.5206   0.0548   0.0769     0.0000
    9 C3      1.2721   0.5506  -0.6608     0.0000
   10 C3      0.0000   0.0000   0.0000     0.0000
   11 ~      -1.2427   1.5895  -0.7310     0.0000
   12 ~      -1.2338   0.1626  -1.7483     0.0000
   13 ~      -3.4292   0.3651  -0.5912     0.0000
   14 ~      -2.6404   0.4129   0.9729     0.0000
   15 ~      -2.6384  -1.9231  -1.0152     0.0000
   16 ~      -3.4029  -1.8960   0.5614     0.0000
   17 ~      -1.2616  -3.1868   0.5290     0.0000
   18 ~      -1.2616  -1.8801   1.6967     0.0000
   19 ~       0.0590  -1.8786  -1.0349     0.0000
   20 ~       1.3045  -3.1561   0.6586     0.0000
   21 ~       1.2105  -1.8208   1.7896     0.0000
   22 ~       2.7262  -1.8615  -0.8762     0.0000
   23 ~       3.4297  -1.7820   0.7268     0.0000
   24 ~       3.4129   0.4340  -0.4212     0.0000
   25 ~       2.5275   0.4545   1.0909     0.0000
   26 ~       1.3112   0.2376  -1.7042     0.0000
   27 ~       1.2487   1.6403  -0.6557     0.0000
   28 ~      -0.0219   0.3593   1.0288     0.0000
    1     1     2  SINGLE  
    2     1    10  SINGLE  
    3     2     3  SINGLE  
    4     3     4  SINGLE  
    5     4     5  SINGLE  
    6     5     6  SINGLE  
    7     5    10  SINGLE  
    8     6     7  SINGLE  
    9     7     8  SINGLE  
   10     8     9  SINGLE  
   11     9    10  SINGLE  
   12     1    11  SINGLE  
   13     1    12  SINGLE  
   14     2    13  SINGLE  
   15     2    14  SINGLE  
   16     3    15  SINGLE  
   17     3    16  SINGLE  
   18     4    17  SINGLE  
   19     4    18  SINGLE  
   20     5    19  SINGLE  
   21     6    20  SINGLE  
   22     6    21  SINGLE  
   23     7    22  SINGLE  
   24     7    23  SINGLE  
   25     8    24  SINGLE  
   26     8    25  SINGLE  
   27     9    26  SINGLE  
   28     9    27  SINGLE  
   29    10    28  SINGLE  
